1111111111111111111122222221111111111112122222222122221112122222222111122222222211112211122222211111122222222111222222222111122 
2111111111111111111222222222111222222222222222222122222122221122222211222222222222222221222222211111222222222111222222221111122 
2111111111111111111222222222211222222222222222222222222222222222222222222222222222222222222222211111222222222211222222211111122 
2111111111111111111122222222112222222222222222222222222222222222222222222222222222222222222222221111222222222211222222211111222 
2111111111111111111111111111111121222222222222222222222222222222222222222222222222122222222222221111211222222222222222211111222 
2111111111111111111111111111111111112222222222222222222222222222222222222222222222222222222222221112211222222222222222222122222 
2111111111111111111111111111111111112222222222222222222222222222222222222222222222221122222222221111122222222222222222222222222 
2111111111111111111111111111111111111222222222222222222222222222222222222222222222211122222222222111222222222222222222222222222 
2111111111111111111111111111111111111122222222222222222222222222222222222222222222211112222222222111222222222222222222222222222 
2111111111111111111111111111111111111112222222222222222222222222222222222222222222211112222222222222222222222222222222222222222 
2111111111111111111111111111111111111112222222222211122221222222222222222222222222211111222222222222222222222222222222222222222 
2111111111111111111111111111111111111111222222222111122221112221111111112222222222221122222222222222222222222222222222222222222 
2111111111111111111111111111111111111112122221111111112221111111111111112222222222211212222222222222222222222222222222222222222 
2111111111111111111111111111112211111112221221111111112111111111111111111222222222111122222222222222222222222222222222222222222 
2111111111111111111111111111111111111111222111111111111111111111111111111212222222211222222222222222222222222222222222222222222 
2111111111111111111111111111111111112211211111111111111111111111111111111111222222222222222222222222222222222222222222222222222 
2111111111111111111111111111111122222211111111111111111111111111121211111111122222222222222222222222222222222222222222222222222 
2111111111111111111112211111111222222221111111111111111112222211122221111111112222222222212222222222222222222222222222222222222 
2111111111111111111111111111111222222222111111111111111112222211122222111111112222222111112222222222112222222222222221112222222 
2111111111111111111111111122222222222221211122111111111222222211112211111111111122222111211122222222111222222222222211112222222 
1111111111112211111111111222222222222211221111111111111222221111111222111111111112222112212222222222211222222222222111111222221 
1111111112122221111111111222222211111111221111111111222222221111111112111111111122222222222222222222221211222222222111111222221 
1111111122222222221111111122211111111112221111111112222222221111122111111111111222222222212222222222222111222221111111111122111 
1111111122222222222222221111111111111111222111111112222222222111211111111111111212222222222222222221112111122221111111111221111 
1111111222222222222222222111111111111111111211111112222222222222211111111111111111111222222222222211112111222222111111111221111 
1111111122222222222222221111111111111111111111111112222222222222211111111111122211111122222222222111111212222222111111111111111 
1111111122222222222222222111111111111111111111111112222222222222111111111111122221111122222222221111111222222222111111111111111 
1111111122222222222222222111111111111111111211111112222222222222111111111111222221111122222222111111111222222222111111111111111 
2111111122222122222222221111111121111111111121111111112211222221111111111111122222111222221111111111111122222221111111111111111 
2111111111111112111222221111111111111112211121111111112111222221111111112222112222111222211112111111111112211111111111111111111 
2111111111111111111112221111111111111111222211111111122211222111122111112222111121111122111121111111111111111111111111111111111 
1111111111111111111111112211111111111111122211111111122221111111222222222221111111111111111111111111111111111111111111111111111 
2111111111111111111111111211111111111111122211111111122221111111222222222221111111111111111111111111111111111112111122222111111 
2111111111111111111111111121111112211111222221111111122221111111222222222121111111111111111111111111111111111111111222222211111 
2111111111111111111111111122111122111111222222111111222221111111222222222122211111111111111111111111111111111111111222222211111 
2111111111111111111111111122211122211112222221111222222222111111122222222222211111111111111111111111111111221111111222222221111 
2111111111111111111111111112211121111122222221111222222222111111122222222222222111111111122222211111111112221111111222222222111 
2111111111111111111111111111211111111112222211112222222222211111122222222222222211111111222222211111111122211111122222222222111 
2111111111111111111111112111111111111112222211112222222222212211112222222222222221111112222222211112211222211112222222222221111 
2111111111111111111111222211111111111111222211111222222222222221112222222222221122211112222222111112222222211122222222222211111 
2111111111111222111112222221111111111111121111111112222222112221111222211122211122221111122222111111112222222222222222212211111 
1111111111112222222222222222111111111111221111111111222222111111111111111112211112222111111122221111222222222222222222111111111 
1111111111111222222222222222111111111111111111111111222221112111111111111112111112222111111112221222222222222222222221111111111 
1111111111111222222222222222111111111111111111111111222221111111111111111112221112222211111112211222222222222222222222221111111 
1111111111111222222222222222221111111111111111111111122111111111111111111112222122222211111111111222222222222222222222221111111 
1111111111111122222222222222222222211111111111111111122111111111111111111111121222222211211111111222222222222222222222221111111 
1111111111111222222222222222222222211111111111111111111111111111111111111111112222222212222111111222222222222222222222211111111 
1111111111111222222222222222222222211111122221111111111111111111111111111111122222222222222211111122222222222222222222211111222 
1111111111111222222222222222222222222111222222111111111111111111111111111111122211221222222221111112222222222222222222221112222 
1111111111111122222222221122222222222222222222211111111111111111111111111111122211121222222221111111222222222222222222222222222 
1111111111112112222222211112222222222222222222221111111111111111111111111111222111111222222211111111222222222222222222222222222 
1111111111111112222222111112222222222222222222222211111111111111111111111111111111112222221111111112222222222222222222222222222 
1111111111111112222221111111222222222222222222222222111111111111111222121111121111112222221111111111222222222222222222222222222 
1111111112111112222221111111222222222222222222222222111112111111112222221121121111112222221111111111222222222211222222222222222 
1111111122111112222222222111122222222222222222222221111112221111122222222122221111111222221111111111222222222111122222222222222 
2111111222211111222222222211112222222222222222222111111112222211222222222222111111111122222211111111222222222211111222222222222 
2211122222211111222222222222111122222222222222222111111112222221222222222222111111111122222211111122222222222221111222222222211 
2211222222211112222222222222211112111122222222221111111112222222222222111121112111111112222111111122222222222222111222222222211 
2211122222111112222222222222221111111112222222221111111111222221222221111111112211111112222111111222222222222222111122222222211 
2111112222111112222222222222221111111111222222221111111111222211222111111111122211111111222111111222212222222222211222222111111 
1111111222211111111211112222222111111111122222222111111111111111121221111122222221112211111111112222111122222222221222221111111 
1111111222111111111111111112221111111111121222222222111111111111122222111122222221112211111111222222111122222222222222221111111 
1111111222211111111111111111111111111111111111222222221111111111122222111222222211222122222222222222111122222222222222221111111 
1111111222211111111111111111111111111111111111122222111122111111112222222222221111222112222222222221111122222222222222111111111 
1111112222211111111111111122222111111111111111122222111122111111122222211111111111222111222221111111111122222222222111111111111 
1111112222221111111111111122222211111111111111112222111111111111112222111111111112222212222211111111111122222222222111111111111 
1111112222211111111111111112222221111111111111112222221111111111112222211111111112222222221111111111111112112222222211111111112 
2111111222111111111111111112222221111111111111111122222111111111122221111111111112222222221111111111111111111122222211111111112 
2111111111111111111111111111111222221111111111111122222211111112222221122221111122222222211111111111111221111112222211111111122 
2111111111111111111111111111111112221111111111111122222222222222222221222221111122222222222221111111112222212222222211111111222 
2111111111111111111111111111111112221111111111111111222222222222222222222222111222222222112221111111122222222222222211111111111 
2111112111111111111222111111111112222111111111111111222222222222222222222222222222222221122221111122222222222222222111111111111 
1111111111111111112222111111111111121111111111111111122222222222222211222222222222222211122221112222222222222222222211111111111 
1111111111111111122211211111111111111111111111111111122222222222222211111122222222222111122211112222222222222222222111111111111 
1111111111111111112111111111111111111222111111111111111122222222222211111111122222222211122111112222222222222222222222111222211 
2221111111111111111222222111111111112222111111111112111122222222221111111111111222222221111111112222222222222222222222111222211 
2221111111111111112222222111111111111222221111122112111122222222221111111111111111222222111111122222222222222222222222212222211 
2221111111111111111222221111111111111222222222222222111112222222211111111111111112222222111111122222222222222222222222222222221 
2211111111111111111222222111111111111221212222222222111111122222211111111111111112222222211111112222222222222222222222222222221 
2111111111111111111122222222221111111122111122222222111111112222222111111111111122222222211111112222222222222222222222222222221 
1111111111111111111112222222222221221112111122222222111111112222222111111111121112222111111111111222122222222222222111221222211 
1111111111111122211122222222222222222222112122222222111111111222222211111111111112111111111111111121111222222222222111111111111 
1111111111111222221112222222222222222222221122222222221211111122222222211111111111111111111111111111111122222222221111111111111 
1111111111111222221222222222222222222222221122222222222211111112222222211111111111111111111111111111111112222222221111122112211 
1111111111111221111222222222222222222222222222222222222111111111122222221111111112111111111111111111111112222222221112222222211 
1111111111111111111222222222122222222222222222222222221111111111122222221111111111221111111111111111111112222222222122222222211 
2111111111111111111222222211112222222222222222222222211111111111122222221111111111222111111111111111111112222212222221222222111 
1111111111111111111222222211111222222222222222222222111111111111112222211111111111122211111111111111111122222222222221222221111 
1111111111111111111122222211112222222222222222222221111111111111111122111111111111122211111111111111111222222222222211112221111 
2111111111111111111112222111112222222222222222222221111112221111111111211111111111122222111111111111112222222222211111111111111 
1111111111111111111111222211122222222222222222222221111122221111222211111111111111112211111111111111122222222222211111111111111 
1111111111111111111111222211222222222222222222222222111222222222222211111111111111112111111111111111122222222112211111111111111 
1111111111111111111111111111222222222222222212222222211222222222222211111111111111111111111111111111122222222222111111111111111 
1111111111111111111111111112222222222222222111222222222222222222222211111111111111122112111111111111122212211122211111111111111 
1211111111111111111111111222222222222222221111222222222222222222222211111111111111222222221111111111111111111112111111111111111 
1221111111111111111112122222222222222222221111122112222222222222222111111111111111222222211111111111111211111111221111111111111 
2221111111111111111122212222222222222222222111111111122222222222222111211111111122222222211111111111111221111111222111121111111 
2222111112111111121222211122222222222222222111111111112222222222221112221111111222222222211111111111111221111111222212222111111 
1222111112111112211122221111222222222222222111111111111211122222221122221222222222222222211111111111112222111111222222222211111 
1222111111111111111122221111112222222222211111111111111111112222222222221112222222222222222111111111122221111112222222222221111 
2222111111111111111112221111111222222222111111111111112211112222222222221111111212222222222211111111222211111112222222211221111 
2111111111111111111111221111111222222221111111111111222221222222222222221111111111222222222211111111122211111111222222211122211 
1111111111111111111111221111111222222211111111111111112211122222222222221111111111112222222221111111122211111111222222211122221 
1111111111111111111111111111111222222111111111111111111111111222222222221221111111122222222222222122222222111111122222111111111 
1111111221111111111111111111111222221111111111111111111111111122222222221111111111112222222222222222222222211122122222111111111 
1111111222111111121111111111111222221111111111111111111111111222222222221111111111112222222222222222222222222222222222111111111 
1111111222111222222111111111111222222111111111111111111111112222222222211111111111222222222222222222222222222222222222211111111 
1111112222112222222211111111111222222211111111111111111111122222222222211111111112222222222222222222222222222222222222211111111 
1112222221112222221111111111111122222222111111111111111111122222222222111111111122222222222222222222222222222222222222221111111 
1222222221112222222111111111111111222222221111111111111111112222222222211111111222222222222222222222222211121122222222222211111 
2222222222122222222211111111111111222222222111111111111111111122222221111111112222222222222222222222221111122122222222222221111 
2222222222222222222221111111111112222222222222111211111111111111111111111111122222222222222222222222211111111111222222222222122 
2222222222222222222222111111111122222222222222222211111111111111111111111111122222222222222222222222111111111111122222222222222 
2222212222222222222222111111111122222222222222222221111111111111111211111111122222222222222222222221111111111111112222222222222 
2222222222222222222222111111111122222222222222222222122111111111111211111111122222222222222222222211111111111111112222222222222 
2222222222222222222111111111111122222222222222222222222211111211111111111111222222222222222222222211111111111111111222222222221 
2222222222222222221111111111111222222222222222222222222221111221111111111111222222222222222222222211111111111111111222222222111 
2222222212222222221111111111112222222222222222222222222221111122211111111111222222222222222222222111111111111111111122222221111 
2212111111222222222111111111112222222222222222222222222222111122211111111111111222222222222222221111111111111111111222222222111 
1111111111122222222212211111112211112222222222222222222222111112111111111111111122222222222222222111111111121111111112222222111 
2111111111222222222212221111111111112222212222122222222222112211111111111111111112222222222222222222122111221111111111111222111 
2111111111222222222222111111111111111222111111112222222222122211111111111111111112222222222222222222222222221111111111111222111 
1111111111111222222211121111111111111111111111112222222222222111111111111111111111222222222222222222222222222111111111111222111 
1111111111112222222221111111111111111111111111112222222222221111111111111111111111122222222222222222222222222111112211122221111 
1111111111112222222221111111121111111111111111111222222222211111111111111111111111111222222222222222222222222222222211222111111 
1111111111112222222221111111221111111111111111112221112222111111111111111111111111111222211222222222222222222222222222111111111 
1111111111112222222222111111211111111111111111112221122222111111111111111111111112221222211122222222222111222222222221111111111 

